"fti.x"	"fti.y"	"bti.rib"	"bti.x"	"bti.y"	"fti.rib"
"1"	0.527904	0.65	1	0.457686	0.65	1
"2"	0.531288	0.65	1	0.457686	0.65	1
"3"	0.52875	0.65	1	0.457686	0.65	1
"4"	0.5076	0.65	1	0.412002	0.65	0
"5"	0.5076	0.65	1	0.412002	0.65	0
"6"	0.5076	0.65	1	0.412002	0.65	0
"7"	0.2961	0.75	1	0.36801	0.65	0
"8"	0.31725	0.75	1	0.36801	0.65	1
"9"	0.31725	0.75	0	0.2961	0.65	0
"10"	0.31725	0.75	0	0.2961	0.65	0
"11"	0.31725	0.75	0	0.2961	0.65	0
"12"	0.31725	0.75	0	0.339246	0.647	0
"13"	0.339246	0.75	0	0.3384	0.647	1
"14"	0.3384	0.75	0	0.3384	0.647	1
"15"	0.337554	0.75	1	0.35532	0.647	1
"16"	0.466146	0.7	1	0.35532	0.647	1
"17"	0.466146	0.7	1	0.35532	0.647	1
"18"	0.466992	0.7	1	0.399312	0.75	1
"19"	0.423	0.7	1	0.399312	0.75	1
"20"	0.423	0.7	1	0.399312	0.75	1
"21"	0.423	0.7	1	0.2961	0.75	1
"22"	0.3807	0.7	1	0.2961	0.75	0
"23"	0.3807	0.7	1	0.2961	0.75	0
"24"	0.3807	0.7	1	0.2961	0.69	0
"25"	0.401004	0.7	1	0.2961	0.69	0
"26"	0.40185	0.7	1	0.2961	0.69	0
"27"	0.401004	0.7	0	0.356166	0.598	0
"28"	0.549054	0.6	0	0.357858	0.598	0
"29"	0.5499	0.6	0	0.357858	0.598	0
"30"	0.5499	0.6	0	0.39762	0.598	0
"31"	0.6345	0.6	0	0.39762	0.598	1
"32"	0.6345	0.6	0	0.39762	0.598	1
"33"	0.6345	0.6	1	0.43992	0.598	1
"34"	0.61335	0.6	1	0.43992	0.598	1
"35"	0.61335	0.6	1	0.43992	0.598	1
"36"	0.61335	0.6	0	0.41877	0.598	1
"37"	0.5922	0.6	0	0.41877	0.598	1
"38"	0.591354	0.6	0	0.41877	0.598	0
"39"	0.591354	0.6	0	0.43992	0.551	0
"40"	0.591354	0.6	0	0.43992	0.551	0
"41"	0.591354	0.6	0	0.43992	0.551	0
"42"	0.49491	0.55	1	0.49491	0.55	0
"43"	0.49491	0.55	1	0.49491	0.55	0
"44"	0.49491	0.55	1	0.49491	0.55	0
"45"	0.5499	0.55	0	0.49068	0.499	0
"46"	0.593046	0.55	0	0.49068	0.499	0
"47"	0.6345	0.55	0	0.49068	0.499	0
"48"	0.677646	0.55	1	0.57528	0.499	1
"49"	0.69795	0.55	1	0.57528	0.499	1
"50"	0.69795	0.55	1	0.57528	0.499	1
"51"	0.69795	0.55	1	0.55413	0.499	0
"52"	0.656496	0.55	1	0.55413	0.499	0
"53"	0.654804	0.55	1	0.55413	0.499	0
"54"	0.654804	0.55	0	0.5499	0.451	0
"55"	0.7191	0.5	0	0.5499	0.451	0
"56"	0.7191	0.5	0	0.5499	0.451	0
"57"	0.7191	0.5	0	0.591354	0.451	0
"58"	0.802854	0.5	0	0.593892	0.451	1
"59"	0.8037	0.5	0	0.591354	0.451	1
"60"	0.804546	0.5	1	0.636192	0.451	1
"61"	0.7614	0.5	1	0.636192	0.451	1
"62"	0.762246	0.5	1	0.612504	0.451	1
"63"	0.763092	0.5	1	0.612504	0.451	1
"64"	0.739404	0.5	1	0.61335	0.451	1
"65"	0.741096	0.5	1	0.736866	0.4	1
"66"	0.739404	0.5	1	0.736866	0.4	1
"67"	0.804546	0.45	1	0.736866	0.4	0
"68"	0.804546	0.45	1	0.694566	0.4	0
"69"	0.82485	0.45	1	0.69372	0.4	0
"70"	0.824004	0.45	1	0.69372	0.4	0
"71"	0.86715	0.45	1	0.6768	0.4	1
"72"	0.86715	0.45	1	0.6768	0.4	1
"73"	0.86715	0.45	1	0.677646	0.4	1
"74"	0.85446	0.45	0	0.650574	0.4	0
"75"	0.846	0.45	0	0.650574	0.4	0
"76"	0.846	0.45	0	0.65142	0.4	0
"77"	1.0998	0.395	0	0.7614	0.35	1
"78"	1.0998	0.395	0	0.762246	0.35	1
"79"	1.0998	0.395	0	0.760554	0.35	1
"80"	0.9306	0.395	0	0.8037	0.35	0
"81"	0.9306	0.395	0	0.804546	0.35	0
"82"	0.9306	0.395	0	0.8037	0.35	0
"83"	1.0152	0.395	1	0.846	0.35	1
"84"	1.0152	0.395	1	0.846	0.35	1
"85"	1.0152	0.395	1	0.846	0.35	1
"86"	0.972054	0.395	1	0.824004	0.35	0
"87"	0.973746	0.395	1	0.82485	0.35	0
"88"	0.973746	0.395	1	0.82485	0.35	0
"89"	0.993204	0.395	0	0.887454	0.301	0
"90"	0.994896	0.395	0	0.8883	0.301	0
"91"	0.992358	0.395	0	0.886608	0.301	0
"92"	1.269	0.35	0	0.9306	0.301	0
"93"	1.3113	0.35	0	0.931446	0.301	1
"94"	1.3113	0.35	0	0.929754	0.301	1
"95"	1.3113	0.35	1	0.99405	0.301	1
"96"	0.99405	0.3	1	0.994896	0.301	0
"97"	0.996588	0.3	1	0.99405	0.301	0
"98"	0.993204	0.3	0	1.1844	0.252	0
"99"	1.016046	0.3	0	1.186938	0.252	0
"100"	1.0152	0.3	0	1.183554	0.252	0
"101"	1.0152	0.3	1	1.269	0.252	0
"102"	1.056654	0.3	1	1.269	0.252	0
"103"	1.0998	0.3	1	1.269	0.252	0
"104"	1.183554	0.3	1	1.521954	0.2	0
"105"	1.521108	0.3	1	1.521954	0.2	1
"106"	1.5228	0.3	1	1.521108	0.2	1
"107"	1.521954	0.3	1	1.5228	0.2	1
"108"	1.502496	0.297	1	1.53972	0.2	1
"109"	1.502496	0.297	0	1.4805	0.2	1
"110"	1.502496	0.297	0	1.4805	0.2	1
"111"	1.862046	0.25	0	1.50165	0.2	1
"112"	1.735146	0.25	0	1.499958	0.2	0
"113"	1.735146	0.25	0	1.269	0.2	0
"114"	1.735146	0.25	0	0.846	0.2	0
"115"	1.75545	0.25	0	1.525338	0.17	0
"116"	1.75545	0.25	0	1.692	0.17	0
"117"	1.754604	0.25	1	1.8612	0.17	0
"118"	1.79775	0.25	1	1.8612	0.17	1
"119"	1.79775	0.25	1	1.860354	0.17	1
"120"	1.798596	0.25	1	1.8189	0.17	1
"121"	2.115	0.2	1	1.8189	0.17	0
"122"	2.115	0.225	1	1.812978	0.17	1
"123"	2.115	0.225	0	1.7343	0.17	1
"124"	2.115	0.225	0	1.7343	0.17	1
"125"	2.0727	0.225	0	1.7343	0.17	1
"126"	2.0727	0.225	0	1.5651	0.15	1
"127"	2.0727	0.225	0	1.7766	0.15	1
"128"	0.2961	0.775	1	0.6768	0.425	1
"129"	0.2961	0.775	1	0.6768	0.425	1
"130"	0.2961	0.775	1	0.6768	0.425	1
"131"	0.2961	0.765	1	0.721638	0.425	0
"132"	0.2961	0.765	1	0.7191	0.425	0
"133"	0.2961	0.765	1	0.7614	0.425	0
"134"	0.2961	0.765	NA	NA	NA	0
"135"	0.2961	0.765	NA	NA	NA	0
"136"	0.2961	0.765	NA	NA	NA	1
